3001
7001
7002
7003
7004
7005
3002
7006
7007
7008
7009
60001
60002
60003
60004
60006
60008
60009
60010
60072
60013
60014
60015
60016
60017
60018
60019
60021
60024
60025
60026
60027
60028
60029
60030
60031
60032
60033
60034
60039
60041
60909
60910
60046
60047
60048
60911
61047
61048
60049
60050
60051
60052
60965
60037
60042
60044
60045
60060
60061
60064
60005
60007
60011
60035
60053
60055
60057
60912
60913
60914
60915
3003
7010
7011
7012
7013
7014
7015
3004
7016
7017
7018
7019
7020
7021
3005
7022
7023
7024
7025
7026
10001
10002
10003
10004
10005
10006
10007
10008
10200
10009
10010
10011
10012
10013
10014
10016
10017
10018
10019
10025
10026
10027
10028
10029
10030
10031
10033
10034
10035
10036
10037
10038
10039
14375
10124
10125
10126
10127
10128
10129
10130
10131
10132
10133
10134
10135
14393
10136
10137
10138
14373
10139
10141
10142
10154
10155
14372
10165
10166
10167
10168
10169
10176
10177
10178
10179
10180
10181
10182
10185
10186
10187
10188
10189
10190
10191
10192
10204
10205
10207
10208
60075
60078
60079
60919
3006
7027
7028
7029
7030
3007
7031
7032
7033
7034
7035
3008
7036
7037
7038
7039
10020
10021
10022
10023
10024
10049
10050
10051
10052
10053
10074
10075
10076
10077
10078
10079
10080
10081
10082
10054
10086
10087
10088
10109
10110
10111
10112
10113
10114
10115
10116
10117
10118
10119
10120
10121
10123
10201
10202
10143
10144
10145
10147
10148
10149
10150
10151
10152
10153
10160
10161
10162
10163
10164
10170
10171
10172
10173
10174
10175
10193
10194
10195
10196
10197
10198
10199
60076
60077
60080
60081
60920
3009
7040
7041
7042
7043
7044
7045
3010
7046
7047
7048
7049
7050
7051
10040
10041
10042
10043
10044
10045
10046
10047
10048
10055
10056
10057
10058
10059
10060
10061
10062
10063
10064
10065
10066
10067
10068
10069
10070
10071
10072
10073
10083
10084
10085
10106
10089
10090
10091
10092
10097
10098
10099
10100
10101
10093
10094
10096
10102
10103
10104
10105
10107
10108
14407
10156
10157
10158
10159
14374
60068
60069
60070
60071
60964
60085
60086
60963
3017
7085
7086
7087
7088
3018
7089
7090
7091
7092
3019
7093
7094
7095
7096
7097
7098
7099
7100
10242
10245
10247
10249
10250
10253
10287
10290
10291
10293
14319
10243
10244
10252
10267
10268
10270
10272
10276
14318
10219
10278
10279
10280
10281
14309
14310
10282
10283
10285
14324
14325
14327
14359
10297
10298
10338
10339
10340
14297
14298
14328
14329
14400
14408
14419
10275
10384
10385
10386
10387
10388
14300
14301
14302
14341
14342
60789
60791
60792
60793
60897
60898
60899
60802
60803
60805
60806
60807
60893
60894
60895
60896
3011
7052
7053
7054
7055
7056
7057
3012
7058
7059
7060
7061
7062
7063
7064
3013
7065
7066
7067
7068
7069
7070
7071
10209
10213
10215
10216
10218
14287
14288
14355
10221
10224
10225
10228
10241
14291
14293
14294
14316
10227
10232
14290
14311
14312
14313
14317
10254
10255
10256
10257
10258
10259
14295
14320
14418
10260
10261
10262
10264
10265
14296
14321
14322
14323
10299
10300
10302
10305
10306
10307
10310
10311
10313
10314
10316
10317
10318
10319
14333
14334
14335
10211
10321
10324
10325
14299
14336
10378
10379
10380
14361
10389
10390
10395
14303
14304
14344
10235
10397
14314
14315
14337
14338
14339
60771
60772
60773
60774
60776
60777
60780
60900
60903
60905
60808
60810
60813
60901
60902
60904
3014
7072
7073
7074
3015
7075
7076
7077
7078
3016
7079
7080
7081
7082
7083
7084
10411
10412
10414
10415
10417
10419
10421
14305
14345
14346
10422
10423
10424
10427
10428
10429
10434
10435
14308
14354
14417
10456
10464
10489
14349
14350
14351
10466
10467
10468
10469
10470
10471
10490
10451
10452
10475
14306
14352
14353
10494
10495
10496
10497
14399
60816
60817
60818
60819
60820
60906
60907
60908
3022
7112
7113
7114
3023
7115
7116
7117
7118
7119
10556
10558
10559
10560
10563
10793
10794
10798
10564
10566
10571
10632
10582
10583
10584
10585
10586
10590
10591
10592
10594
10685
10686
10601
10602
10603
10604
10605
10606
10607
10609
10611
10634
10628
10629
10630
10631
10633
10635
10636
10650
10652
10653
10654
10656
10660
10661
10795
10797
60689
60690
60692
60693
60694
60696
60697
60708
3024
7120
7121
7122
7123
7124
7125
7126
3025
7127
7128
7129
7130
7131
7132
7133
7134
10503
10504
10505
10507
10509
10515
10517
10518
10519
10520
10521
10522
10523
10526
10527
10683
10535
10536
10537
10538
10539
10543
10546
10547
10548
10549
10550
10551
10552
10574
10575
10576
10577
10578
10580
10581
10612
10613
10614
10615
10616
10617
10618
10619
10620
10621
10622
10623
10625
10626
10637
10638
10640
10641
10643
10646
10649
10781
10782
10627
10662
10663
10664
10666
10667
10672
10673
10674
10675
10676
10677
10789
10783
10784
10785
10786
10787
10788
10791
10792
60698
60699
60701
60709
60711
60702
60703
60704
60705
60706
60707
60713
60969
3020
7101
7102
7103
7104
7105
7106
3021
7107
7108
7109
7110
7111
10687
10688
10689
10690
10708
10714
10716
10694
10695
10696
10697
10700
10701
10702
10704
10705
10718
10720
10721
10722
10726
10727
10728
10729
10730
10731
10732
10733
10735
10736
10737
10740
10734
10741
10744
10746
10747
10748
10749
10742
10743
10745
10757
10759
10760
10752
10753
10756
10758
10773
10775
10776
10777
14266
10761
10764
10765
10766
10767
10771
10778
10780
60714
60717
60718
60719
60731
60732
60720
60721
60722
60723
60724
60725
60726
60727
60728
60729
60730
3026
7135
7136
7137
7138
3027
7139
7140
7141
7142
3028
7143
7144
10807
10808
10811
10812
10813
10815
10932
10933
10934
10936
10937
10959
10960
10961
10962
10963
10964
10965
10966
10967
10968
10969
10970
10971
10973
10989
10991
10992
10993
10994
10995
11046
11047
11048
11049
11051
11078
11079
11080
11081
11086
11087
11088
11090
11082
11083
11084
11085
11098
11099
11100
11101
11102
11103
11115
11116
11117
11118
11119
14414
60497
60498
60499
60500
60501
3034
7168
7169
7170
7171
3035
7172
7173
7174
3036
7175
7176
7177
7178
10817
10818
10819
10820
10821
10822
10823
10824
14410
10825
10826
10827
10828
10829
10830
10831
10832
10834
11148
10939
10942
10943
10944
14398
10978
10979
10980
10981
10982
10996
10997
10998
10999
11000
10940
10941
11021
11022
11023
11024
11026
11027
11146
11147
11035
11036
11037
11038
11039
11040
11041
11042
11044
11092
11093
11094
11095
14286
11104
11105
11106
11107
60507
60508
60509
60510
60523
60524
60525
3029
7145
7146
7147
7148
3030
7149
7150
7151
7152
3031
7153
7154
7155
10800
10801
10802
10803
10804
10805
11003
11028
11029
10840
10841
10842
10844
10846
10848
10850
10851
11055
11056
11057
11059
11144
10852
10853
10854
10855
11143
11145
10905
10906
10907
11142
14397
10955
10957
10958
10974
10976
10977
11001
11002
11004
11005
11006
14282
14283
10929
10930
11016
11017
11019
11020
11120
11122
11123
14276
14277
14278
11133
11135
11136
11138
14280
14281
60492
60493
60494
60496
60511
60512
60513
60520
60522
3032
7156
7157
7158
7159
7160
7161
7162
3033
7163
7164
7165
7166
7167
10864
10866
10867
10869
10924
11053
14285
10871
10872
10873
10874
10875
10876
10877
10890
11128
10878
10879
10881
10882
10883
10857
10858
10859
10860
10862
10884
10886
10887
10888
10889
10892
10893
10894
10895
11052
11054
10898
10899
10900
10901
10903
10904
14284
14415
10916
10917
10918
10920
10921
11031
11032
11034
10925
10926
10927
10928
11125
11126
11129
10945
10946
10947
10949
10950
10951
10922
11061
11062
11063
11064
11065
10868
11109
11110
11112
11114
60502
60503
60504
60505
60506
60514
60530
60967
3037
7179
7180
7181
3038
7182
7183
7184
7185
7186
7187
10835
10836
10837
10838
10839
11072
11074
10909
10910
10911
10912
10913
10914
10915
11007
11008
11009
11010
11011
14389
11012
11013
11014
11015
11097
11066
11067
11068
11069
11070
11071
11075
11076
11077
11139
11140
60517
60518
60519
60526
60527
60528
60529
3042
7204
7205
7206
7207
7208
3043
7209
7210
7211
7212
7213
11525
11528
11790
11810
11814
11815
11817
11580
11582
11584
11787
11788
11793
11813
11529
11597
11598
11599
11600
11601
11602
11604
11630
11631
11632
11861
11863
11871
11695
11696
11697
11698
11699
11527
11716
11717
11718
11583
11745
11746
11749
11526
11844
11845
11846
60574
60575
60576
60577
60578
60960
3041
7198
7199
7200
7201
7202
7203
11648
11649
11650
11850
11665
11666
11667
11668
11858
11690
11691
11692
11693
11694
11763
11764
11766
11769
11826
11827
11828
11831
14395
11794
11795
11796
11797
11872
11873
11841
11842
11847
60579
60580
60581
60586
3039
7188
7189
7190
7191
7192
7193
7194
3040
7195
7196
7197
11533
11534
11535
11536
11552
11553
11554
11556
11557
11682
11683
11684
11714
11566
11568
11570
11572
11776
11778
11574
11575
11576
11577
11578
11620
11621
11622
11623
11624
11625
11628
11629
11820
11864
14409
11738
11739
11740
11741
11742
11708
11709
11774
11780
11781
11784
11785
60555
60556
60557
60558
60559
60582
60584
60565
60566
60567
60568
60569
3046
7223
7224
7225
3047
7226
7227
7228
3048
7229
7230
3049
7231
7232
11560
11562
11564
11565
11616
11617
11724
11606
11608
11609
11610
11818
11869
11870
11612
11613
11614
11615
11670
11671
11672
11673
11674
11866
11867
11675
11676
11677
11678
11689
11700
11701
11702
11705
11706
11719
11720
11721
11722
11726
60547
60548
60549
60550
60551
60552
60553
60554
60585
3050
7233
7234
7235
7236
7237
7238
7239
7240
11640
11641
11642
11643
11644
11645
11646
11857
11651
11652
11653
11656
11657
11658
14420
11662
11663
11865
11770
11771
11772
11773
14386
14387
11798
11799
11800
11802
11804
11805
11806
11807
14371
14413
60571
60572
60573
3044
7214
7215
7216
3045
7217
7218
7219
7220
7221
7222
11538
11539
11540
11541
11542
11543
11860
11545
11548
11549
11550
11585
11586
11587
11588
11589
11851
11852
11854
11567
11634
11635
11636
11637
11638
11639
11711
11731
11732
11733
11735
11736
11750
11751
11752
11753
11754
11592
11594
11596
11756
11758
11760
11761
11762
14394
11832
11833
11834
11835
11837
11838
11839
11840
60560
60561
60562
60563
60564
60588
3057
7266
7267
7268
7269
3058
7270
7271
7272
7273
11156
11157
11158
11159
11160
11439
11227
11228
11230
11231
11440
11441
11264
11265
11266
11267
11268
11269
11270
11271
11272
11273
11274
11276
11277
11315
11316
11317
11318
11462
11463
11339
11340
11341
11342
11343
11344
11345
11359
11361
11362
11363
11364
11365
11366
11367
11447
11360
11459
11460
11461
11382
11383
11384
11385
11275
11409
11410
11411
11414
11443
11444
11445
11446
11448
11161
11491
11492
11494
60267
60268
60269
60270
60271
60272
60273
60856
60857
60305
60306
60307
60858
60859
60860
3059
7274
7275
7276
7277
3060
7278
7279
7280
7281
11150
11151
11152
11154
11348
11493
11179
11180
11181
11182
11183
11185
11239
11241
11242
11243
11244
11245
11246
11247
11240
11394
11403
11302
11303
11304
11305
11306
11489
11155
11346
11347
11349
11350
11352
11353
11354
11355
11356
11413
11422
11415
11416
11417
11418
11419
11420
11421
11423
11429
11430
11431
11432
11465
11466
11467
11468
11469
11487
11488
11490
60281
60282
60283
60284
60285
60286
60287
60288
3063
7292
7293
7294
7295
3064
7296
7297
7298
7299
7300
7301
3065
7302
7303
7304
7305
7306
7307
7308
11175
11176
11178
11470
11471
11472
11473
11209
11210
11211
11213
11214
11215
11217
11478
11219
11220
11221
11222
11223
11224
11225
11226
11284
11285
11286
11287
11288
11216
11307
11308
11309
11310
11311
11313
11314
11325
11326
11327
11328
11329
11331
11519
14378
14379
11368
11369
11370
11371
11372
11332
11333
11334
11389
11390
11391
11392
11424
11425
11426
11427
11428
11449
11450
11451
11518
14404
11212
11477
11480
60302
60303
60304
60312
60313
60861
60862
60865
3055
7257
7258
7259
7260
3056
7261
7262
7263
7264
7265
11204
11205
11207
11208
11517
14416
11258
11259
11260
11261
11262
11263
14403
11278
11280
11281
11283
11521
11522
11279
11282
14274
11373
11374
11375
11376
11386
11387
11388
11206
11404
11405
11406
11407
11408
11437
11433
11434
11435
11436
11438
14380
60274
60275
60276
60277
60278
60279
60280
60311
60966
3051
7241
7242
7243
7244
7245
7246
11169
11170
11174
11321
11324
11500
11504
11514
14376
11171
11319
11320
11322
11523
11336
11337
11338
11524
11495
11497
14377
11173
11498
11499
11501
11502
11503
60315
60968
3061
7282
7283
7284
7285
7286
3062
7287
7288
7289
7290
7291
11186
11187
11188
11453
11475
11200
11202
11203
11464
11232
11233
11235
11236
11237
11238
11377
11378
11379
11380
11381
11452
11454
11455
11456
11457
14381
14382
11189
11474
11481
11482
11483
11484
11485
11505
11506
11507
11508
11510
11511
11512
60863
60864
3052
7247
7248
7249
7250
3053
7251
7252
7253
3054
7254
7255
7256
11162
11163
11164
11165
11166
11167
11190
11191
11192
11193
11194
11195
11196
11197
11199
11248
11249
11252
11254
11255
11256
11250
11251
11253
14384
11289
11290
11291
11292
11294
11295
11296
11297
11298
11393
11395
11396
11397
11398
11399
11400
11401
11402
14383
60289
60290
60292
60308
60855
60867
3071
7324
7325
7326
7327
7328
7329
7330
7331
7332
7333
3072
7334
7335
7336
7337
7338
7339
11875
11876
11877
11878
11879
11880
11882
11883
14252
11906
11907
11908
11909
11910
11911
11912
11913
11920
11921
11922
11923
11924
11925
12043
12044
12045
12049
12050
12051
12052
12053
12054
12088
12092
12093
12094
12096
12098
12089
12090
12091
12095
14405
12100
12101
12102
12104
12106
12107
12118
12286
12117
12119
12120
12121
12123
12124
12125
12126
11928
12160
12161
12162
12163
12164
12165
12166
12167
12169
60451
60452
60453
60454
3074
7350
7351
7352
7353
7354
3075
7355
7356
7357
7358
7359
3076
7360
7361
7362
7363
7364
11957
11958
11959
11960
11961
11962
11963
12262
12264
14253
11965
11966
11967
11968
11970
11971
12080
11973
11974
11975
11976
11977
11978
12156
12157
14254
14257
14263
12010
12011
12012
12013
12086
12087
12023
12024
12025
12026
12027
12028
12029
12030
12031
12032
12033
12034
12035
12036
12037
12038
12039
14255
14256
12040
12041
12042
12261
12263
12276
12277
11969
11972
12077
12079
12141
12142
12143
12081
12082
12083
12084
12085
12158
60455
60456
60457
60458
60466
60467
60468
3077
7365
7366
7367
7368
7369
3078
7370
7371
12206
12207
12208
12209
12220
14258
12211
12212
12213
12214
12215
12241
12242
14259
12216
12217
14260
12218
12239
12248
14261
12219
12221
12222
12224
12225
12226
12227
12228
12229
14262
12231
12232
12283
12210
12243
12244
12245
12233
12249
12250
12251
12230
12252
12253
12254
60471
60472
3079
7372
7373
7374
7375
7376
7377
7378
7379
7380
7381
7382
7383
7384
7385
12178
12179
12180
12181
12182
12183
12235
12258
12185
12186
12187
12188
12234
12246
12247
12189
12190
12191
12192
12193
12194
12255
12256
12257
12259
12260
12195
12196
12197
12240
12199
12200
12202
12236
12237
12238
12203
12204
12205
14406
60463
60464
60465
3066
7309
7310
7311
3067
7312
7313
3068
7314
7315
7316
3069
7317
7318
7319
7320
3070
7321
7322
7323
11933
11934
11936
11937
11940
12129
11941
11942
11943
11944
11945
11946
11947
11948
11949
12070
11950
11951
11952
11955
11956
11979
11980
11981
11982
11983
11984
11985
11986
11988
11994
11989
11990
11992
11993
11995
11996
11997
11998
11999
12130
12133
12000
12001
12002
12003
12004
12127
12057
12058
12059
12060
12061
12062
12063
12064
12065
12066
12067
11991
12068
12069
12071
12072
12073
12074
12075
12076
12108
12109
12110
12111
12112
12113
12114
12115
12116
12128
12134
12135
12136
12137
12138
12139
12140
12170
12171
12172
12173
12174
12175
12176
12265
12266
12267
12268
12269
12271
12273
60437
60438
60439
60440
60441
60442
60444
60445
60443
60446
60447
60448
60449
60450
60459
60460
60461
60462
60923
3073
7340
7341
7342
7343
7344
7345
7346
7347
7348
7349
11885
11886
11887
11889
11890
11891
11893
11929
11930
11931
11894
11896
11897
11898
11899
11900
11901
11902
11903
11905
12151
11888
11915
11916
11917
11919
12046
12048
12014
12016
12017
12018
12019
12020
12005
12006
12007
12015
12021
12279
12047
12144
12145
12146
12147
12148
12149
12150
12152
12153
12154
12155
12284
12285
12287
12288
12289
12290
12292
61049
61050
61051
61052
3088
7421
7422
7423
7424
7425
12293
12294
12297
12835
12300
12301
12302
12303
12304
12305
12306
12309
12310
12323
12308
12321
12322
12324
12325
12328
12330
12331
12332
12333
12335
12340
12901
12997
12407
12408
12409
12410
12307
12360
12484
12485
12487
13097
13101
13106
12533
12535
12536
12980
12488
12652
12653
12654
12656
12996
13031
60139
60140
60141
60142
60143
60144
60145
60822
60825
60826
60827
3086
7413
7414
7415
7416
3087
7417
7418
7419
7420
12311
12312
12313
12314
12315
12318
12320
12367
12370
12373
12352
12353
12354
12355
12359
12646
12363
12364
12366
12368
12369
12371
12583
12702
12703
12705
12707
12417
12418
12420
12423
12419
12498
12499
12501
12502
12505
12506
12545
12546
12547
12548
12549
12550
12551
12553
12554
12699
12706
12570
12571
12572
12573
12574
12575
12576
12577
12578
12581
12582
12584
12585
12464
12600
12601
12602
12604
12605
12606
12607
12608
12552
12603
12634
12637
12682
12644
12645
12647
12651
60120
60122
60123
60124
60125
60126
60127
60128
60823
60824
3080
7386
7387
7388
7389
3081
7390
7391
7392
7393
7394
12341
12342
12343
12345
12346
12347
12349
12350
12351
12513
12616
12384
12385
12386
12387
12388
12389
12391
12392
12393
12394
12390
12413
12414
12415
12416
12429
12435
12437
12438
12439
12442
12443
12444
12680
12445
12446
12449
12450
12453
12454
12455
12456
12662
12664
12465
12466
12467
12468
12469
12470
12471
12472
12447
12473
12474
12475
12477
12478
12479
12480
12481
12482
12659
12660
12661
12663
12665
12666
60160
60161
60163
60164
60167
60931
60169
60170
60171
60828
60829
60830
3084
7408
7409
3085
7410
7411
7412
12425
12428
12434
12365
12427
12431
12433
12530
12344
12348
12507
12509
12510
12511
12512
12516
13104
12357
12483
12508
12514
12515
13105
12430
12527
12528
12529
12531
12532
12557
12555
12556
12558
12561
12426
12594
12595
12597
12598
12599
12678
12440
12609
12611
12612
12613
12614
12615
12631
12632
12633
12635
12636
12676
12677
12679
12681
12683
12684
60162
60165
60166
3082
7395
7396
7397
7398
7399
7400
7401
3083
7402
7403
7404
7405
7406
7407
12374
12375
12376
12377
12379
12538
12539
12540
12542
12543
12395
12396
12397
12398
12399
12400
12401
12402
12619
12696
12458
12459
12460
12461
12462
12463
12626
12629
12691
12701
12490
12491
12493
12494
12495
12690
12517
12518
12519
12520
12523
12524
12526
12617
12622
12624
12382
12562
12563
12565
12569
12586
12588
12589
12590
12591
12592
12380
12639
12640
12687
12668
12669
12670
12671
12672
12673
12674
12675
12618
12620
12621
12685
12686
12688
12689
12693
12828
12403
12694
12695
12697
12698
60129
60131
60132
60133
60134
60135
60136
60137
60138
60623
60834
60146
60147
60148
60149
60150
60151
60152
60153
60831
60832
3097
7469
7470
7471
3098
7472
7473
7474
7475
7476
12754
12756
12757
12758
12759
12760
12761
12762
12764
12766
13099
12839
12840
12841
12847
12849
13102
12755
12765
12842
12845
12846
12655
12897
12981
12982
12983
12984
12986
12988
12989
12339
12895
12896
12898
12899
12900
12990
12991
12994
12995
12358
12362
12489
12903
13024
13025
13026
13028
12813
12816
12818
13078
13079
13081
13085
13086
13088
60639
60640
60641
60642
60643
3093
7447
7448
7449
7450
7451
3094
7452
7453
7454
7455
7456
12748
12749
12750
12751
12753
12793
12794
12795
12796
12797
12799
12802
12803
12804
12805
12811
13015
13018
13075
12860
12861
12862
12864
12865
12866
12867
12886
12887
12888
12889
12890
12891
13071
13073
13074
12920
12921
12922
12923
12926
12928
12930
13072
12863
12924
12925
12927
12810
12942
12943
12944
12945
12946
12947
12948
13022
14370
12316
12319
12974
12975
12976
12977
13052
12998
12999
13000
13001
13002
13003
13004
13005
13006
13008
13021
13047
13048
13050
13051
13054
13094
60617
60620
60621
60660
60661
60662
60663
60664
3095
7457
7458
7459
7460
7461
7462
3096
7463
7464
7465
7466
7467
7468
12708
12709
12710
12711
12712
12713
12716
12717
12718
12719
12721
12723
12724
12727
12728
12729
12730
12733
12734
12735
12737
12738
12772
12715
12767
12768
12769
12770
12868
12869
12870
12871
12872
12873
12874
12876
12877
14369
12731
12732
12878
12879
12880
12881
12884
12885
14236
12954
12955
12956
12958
12959
12960
12962
12963
12964
13055
13057
13058
13059
13063
13064
13041
13056
13060
13061
13062
60634
60635
60636
60637
60638
60657
60658
60659
60665
60666
60667
60670
60671
60672
3090
7436
7437
7438
3091
7439
7440
7441
7442
3092
7443
7444
7445
7446
12740
12741
12742
12743
12744
12745
12747
12771
12773
12774
12775
12776
12777
12778
12780
13109
12781
12782
12783
12784
12786
12823
12817
12820
12831
12832
12833
12834
12838
12819
12822
12850
12851
12852
12854
12855
12856
12857
12858
12859
12815
12821
12910
12911
12912
12914
12917
12968
12949
12950
12951
12952
12953
12295
12296
12537
12965
12966
12967
12969
12971
12973
12853
13032
13033
13034
13036
60644
60645
60646
60647
60648
60649
60650
60651
60652
60653
60655
60656
3089
7426
7427
7428
7429
7430
7431
7432
7433
7434
7435
12787
12788
12789
12792
12809
12824
12826
12827
12830
12904
12905
12906
12907
12908
12909
12931
12932
12933
12934
12935
12936
12941
13107
13108
13009
13010
13011
13012
13014
13110
13037
13038
13039
13040
13042
13043
13044
13045
13065
13066
13069
13070
13089
13090
13091
13092
13093
60130
60616
60618
60619
60622
60624
60625
60626
60627
60628
60629
60630
60632
60633
3099
7477
7478
7479
7480
7481
7482
7483
3100
7484
7485
7486
7487
3101
7488
7489
7490
7491
7492
13114
13116
13117
13118
13119
13120
13359
13360
13115
13147
13148
13150
13121
13122
13123
13124
13125
13126
13127
13129
13130
13131
13151
13152
13153
13155
13156
13159
13356
13357
13362
13288
13289
13290
13291
13293
13294
13295
13296
13298
13128
13315
13316
13317
13318
13319
13358
13361
13320
13321
13322
13363
13365
13366
13367
13368
13369
13381
13383
13384
60206
60207
60209
60210
60211
60213
60214
60238
60239
60240
60246
60202
60208
60212
60251
60252
60253
60255
60256
60257
3102
7493
7494
7495
7496
3103
7497
7498
7499
3104
7500
7501
7502
7503
7504
3105
7505
7506
7507
13137
13138
13139
13140
13157
13158
13160
13161
13162
13163
13259
13260
13261
13263
13264
13265
13266
13268
13270
13271
13272
13267
13269
13273
13274
13275
13276
13277
13278
13280
13281
13282
13283
13284
13287
13331
13332
13333
13339
13340
13341
13342
13343
13344
13345
13346
13349
13347
13351
13352
13353
13354
13355
13285
13375
13376
13377
13378
13379
60198
60199
60200
60201
60203
60204
60205
60263
60223
60224
60225
60226
60227
60228
60242
60243
60245
60261
3110
7524
7525
7526
7527
7528
7529
7530
3111
7531
7532
7533
7534
7535
7536
7537
13132
13133
13134
13135
13142
13143
13144
13145
13146
13186
13187
13192
13189
13190
13191
13193
13194
13195
13198
13214
13215
13216
13199
13200
13201
13202
13203
13204
13206
13207
13208
13209
13210
13211
13229
13230
13231
13233
13218
13219
13220
13222
13223
13224
13225
13226
13227
13228
13234
13235
13237
13240
13236
13238
13239
13241
13242
60219
60220
60221
60254
60259
60229
60230
60231
60232
60233
3106
7508
7509
7510
7511
3107
7512
7513
7514
7515
7516
3108
7517
7518
7519
7520
3109
7521
7522
7523
13165
13166
13168
13325
13326
13327
13329
13330
13170
13171
13172
13173
13174
13175
13176
13177
13178
13179
13180
13181
13182
13183
13184
13185
13243
13244
13245
13246
13247
13248
13249
13250
13251
13252
13253
13254
13255
13256
13257
13258
13301
13302
13303
13304
13305
13306
13307
13308
13309
13311
13312
13313
13314
13334
13335
13336
13337
13338
13310
13371
13372
13373
13374
14411
60215
60216
60217
60218
60249
60250
60258
60234
60235
60236
60237
3127
7591
7592
7593
7594
3128
7595
7596
7597
3129
7598
7599
3130
7600
7601
7602
13448
13449
13451
13454
13455
13456
13452
13453
13457
13458
13460
13461
13462
13463
13464
13465
13466
13467
13468
13469
13470
13471
13473
13474
13475
13478
13479
13476
13477
13480
13481
13482
13483
14385
13484
13485
13486
13487
13488
13491
13489
13490
13492
13493
13494
13495
13496
13497
60323
60324
60325
60326
60327
60360
60362
60363
3116
7553
7554
3117
7555
7556
7557
3118
7558
7559
7560
13586
13587
13588
13589
13590
13591
13592
13593
13597
13603
13604
13605
13606
13607
13628
13629
13632
13608
13609
13610
13611
13612
13614
13615
13620
13621
13622
13623
13624
13625
13626
13627
13652
13630
13633
13634
13635
13636
13637
13653
13654
13655
13638
13639
13640
13641
13642
13643
13650
13644
13645
13646
13647
13648
13649
13651
13657
13658
60353
60354
60355
60356
60357
60936
3112
7538
7539
7540
7541
3113
7542
7543
7544
3114
7545
7546
7547
7548
3115
7549
7550
7551
7552
13427
13428
13429
13430
13431
13445
13432
13433
13434
13435
13436
13437
13438
13439
13440
13441
13442
13443
13444
13446
13447
13698
13699
13701
13702
13707
13708
13709
13700
13703
13704
13705
13706
13763
13764
13765
13766
13767
13768
13769
13770
13710
13711
13771
13772
13773
13774
13775
13776
13777
13778
13779
13780
13781
13782
60329
60870
60925
60926
60927
3119
7561
7562
7563
7564
3120
7565
7566
7567
3121
7568
7569
7570
7571
3122
7572
7573
7574
13385
13386
13387
13388
13395
13396
13397
13398
13389
13390
13391
13392
13393
13394
13755
13400
13401
13402
13403
13404
13520
13525
13528
13529
13405
13406
13407
13408
13409
13410
13505
14402
13411
13412
13413
13414
13415
13523
13524
13419
13420
13421
13422
13423
13424
13425
13426
13498
13499
13500
13501
13502
13504
13526
13527
13507
13508
13509
13510
13515
13516
13517
13503
13511
13512
13513
13514
13518
13519
13521
13522
14401
13416
13417
13418
13530
13531
13532
13533
13534
60316
60317
60318
60319
60320
60321
60322
60348
60349
60350
60351
60352
60961
3123
7575
7576
7577
7578
3124
7579
7580
7581
7582
7583
3125
7584
7585
7586
7587
3126
7588
7589
7590
13673
13674
13675
13676
13678
13679
13680
13681
13682
13684
13685
13686
13697
13688
13690
13691
13692
13693
13694
13732
13733
13734
13712
13713
13714
13715
13716
13717
13718
13719
13720
13721
13722
13723
13724
13725
13726
13727
13695
13696
13728
13730
13735
13736
13737
13738
13739
13740
13758
13759
13741
13742
13743
13745
13746
13747
13748
13750
13757
13749
13751
13752
13753
13754
13756
60342
60343
60344
60345
60346
60347
3131
7603
7604
7605
3132
7606
7607
7608
7609
3133
7610
7611
7612
13535
13536
13537
13539
13669
13670
13671
13538
13540
13541
13542
13543
13660
13661
13662
13545
13546
13547
13549
13580
13548
13554
13556
13561
13617
13618
13551
13552
13553
13555
13557
13558
13559
13560
13562
13563
13564
13565
13566
13568
13569
13567
13570
13571
13572
13573
13574
13575
13576
13577
13578
13579
13581
13582
13594
13595
13596
13583
13584
13598
13599
13600
13601
13602
13616
13663
13664
13665
13666
13667
13668
60333
60334
60335
60336
60337
60338
60339
60340
60341
60873
60874
3136
7620
7621
7622
7623
3137
7624
7625
7626
7627
3138
7628
7629
7630
7631
3139
7632
7633
7634
7635
7636
13840
13855
13856
13857
13858
13954
13955
13956
13960
13957
13958
13959
13961
13963
13965
13966
13967
13968
13969
13970
13971
13972
13973
13974
14121
14012
14013
14014
14015
14016
14017
14018
14019
14020
14021
14022
14023
14025
14026
14027
14028
14029
14030
14031
14038
14039
14040
14033
14034
14035
14036
14037
14041
14043
14044
14045
14046
14101
14102
14103
14105
14106
14213
14214
14107
14108
14109
14111
14112
14115
14116
14117
14119
14120
60423
60424
60425
60892
3142
7644
7645
7646
7647
7648
7649
7650
7651
60379
60380
60381
60382
60426
60427
60428
60970
60971
60972
60973
60974
60975
60976
60977
60421
60978
60979
60980
60981
60982
60983
60984
60985
60986
60987
60988
60989
60990
60991
60992
60993
60994
60995
60996
60997
60998
60999
61000
61001
61002
61003
61004
61005
61006
61007
61008
61009
61010
61011
61012
61013
61014
61015
61016
61017
61018
60429
61019
61020
61022
61023
61024
61025
61026
61027
61028
60420
61029
61030
61031
61032
61033
61034
61035
61036
61037
61038
61039
61040
61041
61042
61043
61044
61045
61046
3143
7652
7653
7654
3144
7655
7656
7657
7658
14148
14149
14150
14151
14152
14153
14154
14162
14163
14164
14166
14167
14168
14169
14170
14171
14172
14173
14174
14175
14176
14177
14178
14179
14180
14181
14182
14183
14184
14185
14186
14187
14191
14192
14189
14190
14193
14194
14195
14196
60432
60889
60929
3145
7659
7660
7661
7662
3146
7663
7664
7665
7666
13789
13790
13791
13792
13793
13794
13820
14390
14412
13801
13802
13803
13805
13943
13981
13982
13985
13783
13784
13785
13788
13818
13819
13821
13822
13795
13797
13798
13800
13831
13832
13833
13834
13835
13836
13837
13838
13839
13841
13849
13842
13843
13844
13845
13846
13852
13847
13848
13850
13851
13854
14048
14049
13986
13987
13989
13991
13992
13993
13994
13995
13996
13997
14011
60383
60384
60385
60386
60881
60882
60883
60885
60887
60398
60400
60402
60875
60876
60879
60880
60886
60888
60409
60410
60411
60412
60884
3147
7667
7668
3148
7669
7670
7671
3149
7672
7673
7674
7675
7676
13807
13808
13809
13810
13811
13812
13936
13813
13814
13816
13817
13824
13825
13826
13827
13828
13829
13830
13924
13925
13926
13928
13929
13930
13931
13937
13933
13934
13935
13938
13942
13945
13947
14391
13796
13948
13949
13950
13951
13952
13975
13976
13977
13978
13979
13980
13983
13939
13940
13941
13944
13946
14008
14009
14010
60387
60388
60389
60390
60391
60877
3140
7637
7638
7639
3141
7640
7641
7642
7643
14050
14053
14054
14055
14057
14058
14059
14060
14061
14062
14063
14064
14065
14066
14067
14210
14211
14212
14069
14070
14072
14073
14392
14075
14076
14077
14078
14197
14080
14085
14088
14089
14091
14092
14051
14052
14056
14071
14086
14087
14093
14094
14095
14096
14097
14098
14099
14081
14082
14083
14084
14090
14158
14160
14161
60413
60414
60415
60416
3134
7613
7614
7615
3135
7616
7617
7618
7619
14122
14123
14124
14125
14126
14221
14222
14224
14225
14128
14129
14130
14131
14132
14133
14134
14135
14136
14137
14138
14226
14142
14143
14144
14145
14146
14147
14155
14156
14157
14200
14201
14202
14204
14205
14217
14218
14219
14220
14227
14228
14229
60417
60418
60419
60422
3159
3160
3162
3165
3168
3169
3154
3155
3157
3158
3164
3150
3166
3167
3152
3170
3171
3172
3173
7710
7715
7712
7678
7711
7692
7701
7679
7680
7686
7707
7690
7677
7681
7709
7702
7714
7720
7688
7716
7718
7717
7684
7689
7706
7724
7696
7694
7698
7722
7719
7695
7685
7705
7725
7703
7727
7723
7721