010
020
030
040
050
060
070
080
090
100
110
120
130
140
150
160
170
180
190
200
210
220
230
240
250
260
270
280
290
300
310
320
330
340
001
002
003
004
005
006
007
008
009
011
012
013
014
015
016
017
018
019
021
022
023
024
025
026
027
028
029
031
032
033
034
035
036
037
038
039
041
042
043
044
045
046
047
048
051
052
053
054
055
056
057
058
059
061
062
063
064
065
066
067
071
072
073
074
075
076
077
081
085
086
091
092
093
101
102
103
104
105
106
107
108
111
112
113
114
115
116
117
118
119
121
122
123
124
125
126
127
128
201
202
203
204
205
211
212
213
214
215
215
216
217
218
219
221
222
223
224
225
301
302
303
304
305
306
307
308
309
311
312
313
314
315
321
322
323
324
325
326
327
328
331
332
333
334
335
401
402
403
404
405
406
407
408
409
411
412
413
414
415
416
417
418
419
421
422
423
424
425
426
427
428
429
431
432
433
434
435
436
437
438
439
441
442
443
444
445
446
447
448
449
451
452
453
454
455
501
502
503
504
505
506
507
508
509
511
512
513
514
515
516
517
518
521
522
523
524
525
526
527
528
529
531
532
533
541
542
543
544
545
601
602
603
604
605
606
607
608
609
611
612
613
614
615
616
617
618
619
621
622
623
624
625
626
627
628
629
631
641
642
643
644
645
646
647
648
649
651
652
653
654
655
656
657
701
702
703
704
705
706
707
711
712
713
714
721
722
723
724
725
726
727
728
729
731
732
733
734
735
736
801
802
803
804
805
806
807
808
809
811
812
813
814
815
816
821
822
823
824
825
831
832
833
834
901
902
903
904
905
906
907
908
911
912
913
914
915
921
922
923
924
925
926
941
942
943
951
952
953
954
955
956
115
116
116
117
118
126
126
127
127
128
201
201
201
202
202
202
202
203
302
302
309
313
314
332
333
333
